name: thesis
channels:
  - conda-forge
dependencies:
  - bzip2=1.0.8=h2466b09_7
  - ca-certificates=2025.8.3=h4c7d964_0
  - cairo=1.18.4=h5782bbf_0
  - double-conversion=3.3.1=he0c23c2_0
  - font-ttf-dejavu-sans-mono=2.37=hab24e00_0
  - font-ttf-inconsolata=3.000=h77eed37_0
  - font-ttf-source-code-pro=2.038=h77eed37_0
  - font-ttf-ubuntu=0.83=h77eed37_3
  - fontconfig=2.15.0=h765892d_1
  - fonts-conda-ecosystem=1=0
  - fonts-conda-forge=1=0
  - freetype=2.13.3=h57928b3_1
  - graphite2=1.3.14=hac47afa_2
  - harfbuzz=11.4.1=h5f2951f_0
  - icu=75.1=he0c23c2_0
  - krb5=1.21.3=hdf4eb48_0
  - lerc=4.0.0=h6470a55_1
  - libblas=3.9.0=34_h5709861_mkl
  - libcblas=3.9.0=34_h2a3cdd5_mkl
  - libclang13=20.1.8=default_hadf22e1_0
  - libdeflate=1.24=h76ddb4d_0
  - libexpat=2.7.1=hac47afa_0
  - libffi=3.4.6=h537db12_1
  - libfreetype=2.13.3=h57928b3_1
  - libfreetype6=2.13.3=h0b5ce68_1
  - libglib=2.84.3=h1c1036b_0
  - libhwloc=2.12.1=default_h88281d1_1000
  - libiconv=1.18=hc1393d2_2
  - libintl=0.22.5=h5728263_3
  - libjpeg-turbo=3.1.0=h2466b09_0
  - liblapack=3.9.0=34_hf9ab0e9_mkl
  - liblzma=5.8.1=h2466b09_2
  - libmpdec=4.0.0=h2466b09_0
  - libpng=1.6.50=h7351971_1
  - libsqlite=3.50.4=hf5d6505_0
  - libtiff=4.7.0=h550210a_6
  - libwebp-base=1.6.0=h4d5522a_0
  - libwinpthread=12.0.0.r4.gg4f2fc60ca=h57928b3_9
  - libxml2=2.13.8=h741aa76_1
  - libxslt=1.1.43=h25c3957_0
  - libzlib=1.3.1=h2466b09_2
  - llvm-openmp=20.1.8=hfa2b4ca_1
  - llvmlite=0.44.0=py313hb80970b_1
  - mkl=2024.2.2=h57928b3_16
  - numba=0.61.2=py313h96c6e06_1
  - numpy=2.2.6=py313hefb8edb_0
  - openssl=3.5.2=h725018a_0
  - pcre2=10.45=h99c9b8b_0
  - pip=25.2=pyh145f28c_0
  - pixman=0.46.4=h5112557_1
  - pyside6=6.9.1=py313hd8d090c_0
  - python=3.13.5=h7de537c_102_cp313
  - python_abi=3.13=8_cp313
  - qt6-main=6.9.1=h02ddd7d_2
  - tbb=2021.13.0=h18a62a1_2
  - tk=8.6.13=h2c6b04d_2
  - tzdata=2025b=h78e105d_0
  - ucrt=10.0.22621.0=h57928b3_1
  - uv=0.8.11=h579f82e_0
  - vc=14.3=h41ae7f8_31
  - vc14_runtime=14.44.35208=h818238b_31
  - vcomp14=14.44.35208=h818238b_31
  - zstd=1.5.7=hbeecb71_2

